21.5 23.12
19.89 22.79
22.82 23.33
22.38 25.62
27.47 26.19
27.63 27.67
26.46 28.87
30.76 31.88
29.78 29.49
28.27 28.27
29.85 35.72
31.55 30.42
29.02 28.84
32.04 29.68
28.33 29.36
26.52 32.55
28.47 29.76
30.62 30.83
28.48 29.23
28.68 31.94
26.25 29.56
32.1 35.15
30.82 34.35
24.8 27.19
28.12 29.17
24.64 24.58
26.2 26.12
25.48 26.39
25.55 24.47
26.13 28.55
25.3 26.56
29.79 29.99
33.2 31.6
26.46 29.57
23.45 20.25
20.49 20.84
19.71 19.98
19.89 20.93
19.27 20.14
22.28 22.69
16.27 16.73
18.92 18.6
17.45 18.26
18.8 19.88
20.44 20.46
21.44 21.97
19.04 19.71
26.41 27.8
21.61 21.49
28.03 28.51
20.17 18.96
26.44 28
17.78 18.28
23.24 24.77
23.8 23.72
22.08 22.51
23.13 24.37
23.9 23.6
23.89 24.72
24.21 24.35
21.86 21.27
27.59 28.01
23.9 25.83
25.37 25.05
27.66 26.85
28.01 28.74
23.3 24.07
24.52 24.4
20.75 21.53
24.38 24.65
23.02 24.16
27.44 26.56
31.15 28.87
28.86 28.89
26.51 26.18
24.33 24.25
29.21 28.93
27.53 23.93
19.98 18.37
25.15 25.41
26.96 25.9
24.9 26.05
24.68 22.55
28.31 21.16
23.08 23.18
21.03 18.52
25.67 24.04
24.49 27.16
23.88 21.83
23.72 27.09
26.67 28.02
22.97 22.57
20.32 20.18
23.39 22.74
25.8 24.82
24.82 25.11
22.23 23.57
24.08 23.94
20.74 21.78
22.34 22.46
21.19 26.92
23.57 23.99
22.79 24.49
25.32 27.53
20.26 23.95
26.54 21.84
23.37 23.93
17.19 19.02
22.6 24.11
28.27 27.28
24.27 22.73
24.54 27.14
23.33 23.74
22.82 23.25
19.5 23.56
23.31 25.14
23.19 23.08
20.92 21.42
20.77 21.78
24.69 25.94
20.48 21.57
22.84 22.63
20.48 21.87
20.1 22.41
27.17 29.5
30.93 28.6
30.58 31.34
28.69 28.18
27.57 28.64
26.22 27.21
31.2 31.84
25.69 29.5
26.31 30.55
31.37 30.99
30.39 31.62
26.25 27
28.31 27.74
25.47 27.18
19.51 22.98
23.06 25.49
28.75 25.01
26.21 24.27
26.96 27
25.01 27.08
31.49 30.96
20.09 18.93
31.4 30.01
20.5 22.1
33.91 32.28
28.1 28.94
30.84 33.46
27.99 30.03
26.46 29.09
28.05 26.37
22 26.74
28.64 28.84
30.2 27.42
29.79 33.71
27.46 28.31
28.31 30.07
27.64 27.22
26 26.47
29.03 27.44
23.73 25.4
25.81 24.7
29.96 29.49
26.2 26.5
19.62 19.07
26.03 27.18
27.66 27.14
27.76 28.3
29.09 28.36
22.42 23.38
23.8 23.29
24.08 24.52
26.04 24.94
21.84 23.79
22.51 22.73
24.4 20.81
26.61 27.26
25.48 23.31
23.75 24
21.03 20.62
22.29 22.93
22.07 20.88
19.36 19.76
22.8 22.87
26.72 26
26.28 28.16
25.34 26.14
24.48 24.46
23.91 24.68
22.68 23.24
20.94 21.59
20.32 21.44
24.22 24.71
24 24.75
21.84 21.4
26.75 23.67
20.59 20.7
18.75 19.64
20.94 20.46
22.27 21.77
22.71 24.26
21.06 21.43
22.21 23.02
21.12 22.48
20.05 20.23
18.56 19.35
19.53 19.98
17.85 17.68
21.07 20.57
25.57 26.34
25.37 25.32
27.21 27.68
22.25 22.73
22.17 22.86
19.93 20.57
20.01 20.64
20.1 21.89
25.61 20.18
24.07 24.66
24.6 22.69
22.78 24.36
22.05 21.98
21.71 22.05
22.95 22.49
21.08 22.46
20.23 21.2
24.15 21.71
23.24 23.09
23.04 22.66
22.42 22.41
24 22.95
24.2 23.28
22.96 23.52
24.12 25.35
27.64 29.5
22.91 23.41
23.62 23.64
26.51 25.48
25.12 25.84
24.49 24.75
23.53 22.06
25.26 25.47
21.15 20.11
27.3 25.67
25.7 25.76
18.6 20.05
27.18 27.85
24.04 24.68
21.14 20.62
22.34 22.76
20.4 20.8
20.65 22.49
23.78 23.15
19.66 21.71
26.26 26.86
23.9 24.06
21.69 23.03
21.06 21.12
17.14 17.98
32.37 31.94
22.88 23.87
29.96 28.9
29.25 29.01
26.76 24.38
21.8 22.27
28.26 25.94
24.94 24.12
24.01 24.33
28.3 26.82
27.29 29.45
31.3 26.07
24.57 25.53
27.45 29.42
28.22 25.67
26.02 25.75
33.03 31.81
24.93 24.56
27.03 27.04
25.56 26.95
22.56 25.26
28.01 24.97
24.42 24.5
28.83 28.65
27.84 26.87
24.74 27.23
24.59 24.5
26.56 27.54
27.29 27.78
30.26 27.62
25.17 28.36
27.19 26.28
28.37 27.53
26.14 27.57
28.52 27.72
30.87 30.57
29.49 26.96
25.57 24.78
27.37 27.99
27.36 26.29
28.31 28.4
23.49 24.87
22.18 24.21
27.34 26.87
24.58 26.96
24.21 25.39
25.06 26.49
26.14 26.88
25.43 24.73
27.16 24
25.41 25.04
34.47 34.88
25.84 24.19
26.72 29.02
28.81 28.43
24 22.12
25.19 30.84
32.87 31.58
27.46 27.03
24.23 25.31
25.82 27.75
28.02 29.85
27.96 25
27.71 28.06
24.27 22.87
21.03 20.98
21.51 21.08
22.52 22.64
23.98 23.55
22.13 22.01
26.17 25.4
23.4 23.35
26.16 24.07
28.27 28.08
29.56 28.63
27.24 25.98
26.09 26.11
30.84 29.65
26.82 26.18
24.43 24.74
23.5 24.55
25.96 25.94
28.3 28.92
22.28 21.35
21.21 19.99
24.14 22.38
22.78 21.8
22.36 22.69
21.97 22.24
29.96 30.27
29.59 29.05
27.4 27.73
27.4 28.16
28.02 29.87
25.03 23.62
30.6 26.01
25.18 26.33
26.05 25.36
29.25 30.03
30.06 29.21
28.17 25.14
24.03 25.62
23.55 23.85
27.53 25.63
24.32 24.36
28.73 28.44
31.59 30.99
26.76 25.42
22.08 21.86
27 25.38
23.94 23.66
25.01 24.02
23.45 23
29.12 29.41
25.66 26.53
23.56 22.75
22.91 27.51
29.91 31.02
23.77 24.85
21.86 23.25
28.43 28.13
27.59 29.6
26.17 26.68
36.33 33.59
28.88 27.78
29.67 30.47
33.65 30.24
25.5 29.61
31.26 36.75
25.14 27.8
16.38 17.4
18.47 17.09
23.16 20.45
15.93 16.14
16.63 15.84
18.37 19.07
16.8 13.48
15.26 14.55
21.5 23.12
19.89 22.79
22.82 23.33
22.38 25.62
27.47 26.19
27.63 27.67
26.46 28.87
30.76 31.88
29.78 29.49
28.27 28.27
29.85 35.72
31.55 30.42
29.02 28.84
32.04 29.68
28.33 29.36
26.52 32.55
28.47 29.76
30.62 30.83
28.48 29.23
28.68 31.94
26.25 29.56
32.1 35.15
30.82 34.35
24.8 27.19
28.12 29.17
24.64 24.58
26.2 26.12
25.48 26.39
25.55 24.47
26.13 28.55
25.3 26.56
29.79 29.99
33.2 31.6
26.46 29.57
23.45 20.25
20.49 20.84
19.71 19.98
19.89 20.93
19.27 20.14
22.28 22.69
16.27 16.73
18.92 18.6
17.45 18.26
18.8 19.88
20.44 20.46
21.44 21.97
19.04 19.71
26.41 27.8
21.61 21.49
28.03 28.51
20.17 18.96
26.44 28
17.78 18.28
23.24 24.77
23.8 23.72
22.08 22.51
23.13 24.37
23.9 23.6
23.89 24.72
24.21 24.35
21.86 21.27
27.59 28.01
23.9 25.83
25.37 25.05
27.66 26.85
28.01 28.74
23.3 24.07
24.52 24.4
20.75 21.53
24.38 24.65
23.02 24.16
27.44 26.56
31.15 28.87
28.86 28.89
26.51 26.18
24.33 24.25
29.21 28.93
27.53 23.93
19.98 18.37
25.15 25.41
26.96 25.9
24.9 26.05
24.68 22.55
28.31 21.16
23.08 23.18
21.03 18.52
25.67 24.04
24.49 27.16
23.88 21.83
23.72 27.09
26.67 28.02
22.97 22.57
20.32 20.18
23.39 22.74
25.8 24.82
24.82 25.11
22.23 23.57
24.08 23.94
20.74 21.78
22.34 22.46
21.19 26.92
23.57 23.99
22.79 24.49
25.32 27.53
20.26 23.95
26.54 21.84
23.37 23.93
17.19 19.02
22.6 24.11
28.27 27.28
24.27 22.73
24.54 27.14
23.33 23.74
22.82 23.25
19.5 23.56
23.31 25.14
23.19 23.08
20.92 21.42
20.77 21.78
24.69 25.94
20.48 21.57
22.84 22.63
20.48 21.87
20.1 22.41
27.17 29.5
30.93 28.6
30.58 31.34
28.69 28.18
27.57 28.64
26.22 27.21
31.2 31.84
25.69 29.5
26.31 30.55
31.37 30.99
30.39 31.62
26.25 27
28.31 27.74
25.47 27.18
19.51 22.98
23.06 25.49
28.75 25.01
26.21 24.27
26.96 27
25.01 27.08
31.49 30.96
20.09 18.93
31.4 30.01
20.5 22.1
33.91 32.28
28.1 28.94
30.84 33.46
27.99 30.03
26.46 29.09
28.05 26.37
22 26.74
28.64 28.84
30.2 27.42
29.79 33.71
27.46 28.31
28.31 30.07
27.64 27.22
26 26.47
29.03 27.44
23.73 25.4
25.81 24.7
29.96 29.49
26.2 26.5
19.62 19.07
26.03 27.18
27.66 27.14
27.76 28.3
29.09 28.36
22.42 23.38
23.8 23.29
24.08 24.52
26.04 24.94
21.84 23.79
22.51 22.73
24.4 20.81
26.61 27.26
25.48 23.31
23.75 24
21.03 20.62
22.29 22.93
22.07 20.88
19.36 19.76
22.8 22.87
26.72 26
26.28 28.16
25.34 26.14
24.48 24.46
23.91 24.68
22.68 23.24
20.94 21.59
20.32 21.44
24.22 24.71
24 24.75
21.84 21.4
26.75 23.67
20.59 20.7
18.75 19.64
20.94 20.46
22.27 21.77
22.71 24.26
21.06 21.43
22.21 23.02
21.12 22.48
20.05 20.23
18.56 19.35
19.53 19.98
17.85 17.68
21.07 20.57
25.57 26.34
25.37 25.32
27.21 27.68
22.25 22.73
22.17 22.86
19.93 20.57
20.01 20.64
20.1 21.89
25.61 20.18
24.07 24.66
24.6 22.69
22.78 24.36
22.05 21.98
21.71 22.05
22.95 22.49
21.08 22.46
20.23 21.2
24.15 21.71
23.24 23.09
23.04 22.66
22.42 22.41
24 22.95
24.2 23.28
22.96 23.52
24.12 25.35
27.64 29.5
22.91 23.41
23.62 23.64
26.51 25.48
25.12 25.84
24.49 24.75
23.53 22.06
25.26 25.47
21.15 20.11
27.3 25.67
25.7 25.76
18.6 20.05
27.18 27.85
24.04 24.68
21.14 20.62
22.34 22.76
20.4 20.8
20.65 22.49
23.78 23.15
19.66 21.71
26.26 26.86
23.9 24.06
21.69 23.03
21.06 21.12
17.14 17.98
32.37 31.94
22.88 23.87
29.96 28.9
29.25 29.01
26.76 24.38
21.8 22.27
28.26 25.94
24.94 24.12
24.01 24.33
28.3 26.82
27.29 29.45
31.3 26.07
24.57 25.53
27.45 29.42
28.22 25.67
26.02 25.75
33.03 31.81
24.93 24.56
27.03 27.04
25.56 26.95
22.56 25.26
28.01 24.97
24.42 24.5
28.83 28.65
27.84 26.87
24.74 27.23
24.59 24.5
26.56 27.54
27.29 27.78
30.26 27.62
25.17 28.36
27.19 26.28
28.37 27.53
26.14 27.57
28.52 27.72
30.87 30.57
29.49 26.96
25.57 24.78
27.37 27.99
27.36 26.29
28.31 28.4
23.49 24.87
22.18 24.21
27.34 26.87
24.58 26.96
24.21 25.39
25.06 26.49
26.14 26.88
25.43 24.73
27.16 24
25.41 25.04
34.47 34.88
25.84 24.19
26.72 29.02
28.81 28.43
24 22.12
25.19 30.84
32.87 31.58
27.46 27.03
24.23 25.31
25.82 27.75
28.02 29.85
27.96 25
27.71 28.06
24.27 22.87
21.03 20.98
21.51 21.08
22.52 22.64
23.98 23.55
22.13 22.01
26.17 25.4
23.4 23.35
26.16 24.07
28.27 28.08
29.56 28.63
27.24 25.98
26.09 26.11
30.84 29.65
26.82 26.18
24.43 24.74
23.5 24.55
25.96 25.94
28.3 28.92
22.28 21.35
21.21 19.99
24.14 22.38
22.78 21.8
22.36 22.69
21.97 22.24
29.96 30.27
29.59 29.05
27.4 27.73
27.4 28.16
28.02 29.87
25.03 23.62
30.6 26.01
25.18 26.33
26.05 25.36
29.25 30.03
30.06 29.21
28.17 25.14
24.03 25.62
23.55 23.85
27.53 25.63
24.32 24.36
28.73 28.44
31.59 30.99
26.76 25.42
22.08 21.86
27 25.38
23.94 23.66
25.01 24.02
23.45 23
29.12 29.41
25.66 26.53
23.56 22.75
22.91 27.51
29.91 31.02
23.77 24.85
21.86 23.25
28.43 28.13
27.59 29.6
26.17 26.68
36.33 33.59
28.88 27.78
29.67 30.47
33.65 30.24
25.5 29.61
31.26 36.75
25.14 27.8
16.38 17.4
18.47 17.09
23.16 20.45
15.93 16.14
16.63 15.84
18.37 19.07
16.8 13.48
15.26 14.55
21.5 23.12
19.89 22.79
22.82 23.33
22.38 25.62
27.63 27.67
26.46 28.87
30.76 31.88
28.27 28.27
29.85 35.72
29.02 28.84
28.33 29.36
26.52 32.55
28.47 29.76
30.62 30.83
28.48 29.23
28.68 31.94
26.25 29.56
32.1 35.15
30.82 34.35
24.8 27.19
28.12 29.17
24.64 24.58
26.2 26.12
25.48 26.39
26.13 28.55
25.3 26.56
29.79 29.99
26.46 29.57
20.49 20.84
19.71 19.98
19.89 20.93
19.27 20.14
22.28 22.69
16.27 16.73
17.45 18.26
18.8 19.88
20.44 20.46
21.44 21.97
19.04 19.71
26.41 27.8
21.61 21.49
28.03 28.51
26.44 28
17.78 18.28
23.24 24.77
23.8 23.72
22.08 22.51
23.13 24.37
23.89 24.72
24.21 24.35
27.59 28.01
23.9 25.83
28.01 28.74
23.3 24.07
24.52 24.4
20.75 21.53
24.38 24.65
23.02 24.16
28.86 28.89
24.33 24.25
25.15 25.41
24.9 26.05
23.08 23.18
24.49 27.16
23.72 27.09
26.67 28.02
20.32 20.18
24.82 25.11
22.23 23.57
24.08 23.94
20.74 21.78
22.34 22.46
21.19 26.92
23.57 23.99
22.79 24.49
25.32 27.53
20.26 23.95
23.37 23.93
17.19 19.02
22.6 24.11
24.54 27.14
23.33 23.74
22.82 23.25
19.5 23.56
23.31 25.14
23.19 23.08
20.92 21.42
20.77 21.78
24.69 25.94
