0.751 0.7857
0.6715 0.7199
0.8003 0.8141
0.8386 0.8635
0.8128 0.8056
0.7824 0.7891
0.7364 0.7542
0.8996 0.9027
0.847 0.8538
0.8692 0.8718
0.8937 0.9219
0.8811 0.8613
0.8623 0.8558
0.899 0.8629
0.8752 0.8875
0.8378 0.9208
0.8462 0.8565
0.898 0.9131
0.8551 0.8659
0.9033 0.9232
0.8429 0.8745
0.8909 0.9228
0.9094 0.9189
0.702 0.7308
0.7651 0.7928
0.8014 0.8167
0.683 0.7043
0.685 0.7159
0.7818 0.7665
0.8566 0.882
0.7926 0.8064
0.8571 0.8501
0.8959 0.8801
0.8196 0.8548
0.8309 0.8039
0.5361 0.5551
0.4395 0.4649
0.663 0.7165
0.5778 0.5958
0.8476 0.8682
0.4929 0.5366
0.6676 0.679
0.5993 0.6705
0.6927 0.721
0.735 0.7293
0.6854 0.7169
0.6408 0.6826
0.8651 0.8722
0.7333 0.7413
0.7682 0.781
0.7002 0.6677
0.8094 0.8228
0.7875 0.8052
0.7265 0.7566
0.8843 0.8782
0.7836 0.7966
0.852 0.8739
0.788 0.7982
0.7667 0.7826
0.7279 0.7346
0.859 0.8494
0.8718 0.8698
0.763 0.787
0.776 0.7841
0.8172 0.8252
0.8621 0.8747
0.6933 0.7151
0.7692 0.7693
0.5672 0.6192
0.7326 0.7607
0.7188 0.7407
0.815 0.8332
0.9073 0.9031
0.8623 0.8772
0.7727 0.7769
0.8289 0.8271
0.8769 0.8775
0.8968 0.892
0.8354 0.8102
0.8449 0.8562
0.876 0.8451
0.9262 0.9286
0.7763 0.7658
0.9316 0.9009
0.8006 0.8058
0.9008 0.8535
0.8355 0.8408
0.9215 0.93
0.8274 0.828
0.8707 0.8755
0.8945 0.9011
0.7772 0.7968
0.7405 0.7449
0.7947 0.8022
0.8231 0.8298
0.8736 0.8727
0.8271 0.8396
0.7667 0.7882
0.7655 0.7778
0.7992 0.8062
0.7229 0.7664
0.6643 0.6819
0.654 0.6898
0.9052 0.8871
0.7688 0.7939
0.8119 0.8008
0.7524 0.7795
0.6901 0.7206
0.7695 0.786
0.888 0.8859
0.8303 0.7967
0.8455 0.8913
0.7997 0.8168
0.7993 0.8296
0.697 0.8031
0.8101 0.8425
0.6827 0.6902
0.7002 0.7201
0.7646 0.7933
0.8855 0.9019
0.768 0.7966
0.8314 0.8221
0.7241 0.7797
0.7171 0.7596
0.877 0.8884
0.8965 0.8867
0.8768 0.8876
0.8723 0.8703
0.8712 0.8829
0.8533 0.8636
0.9341 0.9373
0.9039 0.9226
0.8931 0.9267
0.8962 0.8861
0.9009 0.9056
0.7858 0.8057
0.826 0.824
0.9013 0.9117
0.8129 0.8448
0.6582 0.6901
0.8309 0.8217
0.7645 0.7738
0.8222 0.826
0.8218 0.8337
0.9029 0.9014
0.7847 0.7703
0.8982 0.8943
0.7493 0.795
0.9306 0.9287
0.8956 0.8983
0.9302 0.9316
0.845 0.8562
0.8431 0.8577
0.8626 0.8581
0.811 0.8378
0.9085 0.9043
0.9362 0.924
0.9571 0.9601
0.8613 0.8731
0.9069 0.9078
0.8236 0.826
0.8154 0.823
0.9159 0.8969
0.8302 0.8504
0.8289 0.8135
0.8506 0.8548
0.8204 0.8318
0.6191 0.6283
0.8448 0.8663
0.8311 0.8355
0.8303 0.8368
0.8997 0.9016
0.7716 0.7758
0.8112 0.8006
0.8022 0.8041
0.9204 0.917
0.8383 0.8952
0.8249 0.86
0.8742 0.7608
0.8935 0.9067
0.8359 0.8147
0.7755 0.808
0.6746 0.6739
0.8121 0.8342
0.8277 0.8084
0.7761 0.7892
0.7963 0.7903
0.8701 0.8587
0.8998 0.9199
0.8628 0.8813
0.8406 0.8387
0.8123 0.827
0.7532 0.7704
0.6735 0.6965
0.6793 0.7137
0.807 0.8246
0.7956 0.8232
0.769 0.7681
0.896 0.8574
0.7607 0.7662
0.7887 0.8309
0.8061 0.8045
0.8886 0.893
0.8839 0.9024
0.7124 0.7527
0.8147 0.824
0.8226 0.8515
0.6992 0.7352
0.7448 0.7608
0.7942 0.8195
0.7217 0.7428
0.8607 0.8533
0.7763 0.7941
0.8475 0.8503
0.7606 0.7755
0.8193 0.8337
0.8486 0.8566
0.7603 0.7896
0.7695 0.8027
0.773 0.8044
0.9284 0.8267
0.8828 0.8911
0.8639 0.8578
0.779 0.7952
0.727 0.7323
0.7041 0.7336
0.764 0.7748
0.7125 0.7573
0.6859 0.7079
0.8669 0.8581
0.831 0.8308
0.7874 0.7763
0.7421 0.7452
0.8568 0.8463
0.8572 0.8381
0.8425 0.8565
0.9043 0.9175
0.9496 0.9624
0.8389 0.848
0.7663 0.775
0.837 0.8358
0.8991 0.9132
0.8818 0.8838
0.7561 0.7287
0.6783 0.6859
0.7605 0.7644
0.673 0.6468
0.7096 0.7189
0.5827 0.6663
0.6421 0.6393
0.7157 0.7777
0.7031 0.6972
0.7978 0.8144
0.7661 0.7866
0.7694 0.8141
0.8609 0.8612
0.7256 0.7871
0.8647 0.8664
0.6931 0.7076
0.8724 0.8836
0.7939 0.808
0.6728 0.7048
0.8865 0.8868
0.8136 0.8238
0.8841 0.8865
0.9112 0.9188
0.9217 0.9068
0.7278 0.7522
0.9011 0.8841
0.8574 0.8553
0.8273 0.8403
0.8933 0.894
0.9153 0.9178
0.921 0.9034
0.846 0.8511
0.9258 0.9084
0.8925 0.8798
0.9024 0.9032
0.9305 0.9314
0.8858 0.8802
0.9276 0.931
0.7996 0.8089
0.8107 0.8266
0.881 0.8619
0.8089 0.8197
0.8769 0.8671
0.8779 0.8711
0.8542 0.867
0.8148 0.8169
0.864 0.8756
0.8329 0.8407
0.8809 0.8826
0.8552 0.8609
0.867 0.8715
0.8626 0.8484
0.8252 0.848
0.8837 0.8838
0.9022 0.9045
0.9103 0.8848
0.8156 0.8018
0.8674 0.8747
0.883 0.856
0.894 0.8979
0.7284 0.7645
0.7127 0.7233
0.8732 0.8736
0.7995 0.8186
0.7176 0.7394
0.863 0.8797
0.79 0.793
0.7276 0.7312
0.7927 0.7618
0.7513 0.7467
0.9141 0.9162
0.692 0.683
0.8239 0.8412
0.858 0.856
0.7799 0.7652
0.8836 0.9241
0.9242 0.9176
0.9278 0.9253
0.8605 0.8718
0.906 0.9211
0.8978 0.8983
0.9023 0.881
0.8867 0.8892
0.7629 0.7515
0.6465 0.65
0.7435 0.7385
0.668 0.6942
0.7341 0.7373
0.6663 0.6858
0.8223 0.8357
0.7598 0.7664
0.7467 0.7208
0.816 0.822
0.8555 0.8476
0.8115 0.8048
0.8345 0.8314
0.8871 0.882
0.8329 0.8205
0.8433 0.8458
0.7552 0.7871
0.8413 0.8492
0.8941 0.8999
0.7667 0.772
0.7655 0.7365
0.8106 0.8094
0.7747 0.7666
0.7492 0.7768
0.7059 0.7165
0.8593 0.8736
0.8242 0.8249
0.8506 0.853
0.8043 0.8159
0.8586 0.8756
0.7381 0.7315
0.9017 0.8637
0.8334 0.8542
0.8161 0.8106
0.8894 0.8932
0.8843 0.8782
0.8442 0.8166
0.8066 0.8255
0.7365 0.7359
0.8758 0.8671
0.8222 0.824
0.9275 0.9262
0.9477 0.9491
0.8759 0.8674
0.6829 0.685
0.869 0.8177
0.7984 0.7955
0.852 0.8496
0.8302 0.7833
0.9289 0.9234
0.8433 0.8752
0.8491 0.8484
0.8623 0.8781
0.923 0.9238
0.8118 0.8191
0.764 0.7834
0.8244 0.8268
0.9143 0.9256
0.7177 0.7304
0.9678 0.9644
0.9384 0.9364
0.9065 0.9101
0.9379 0.9312
0.879 0.8973
0.938 0.9509
0.888 0.8987
0.7702 0.7875
0.8708 0.8559
0.8933 0.8851
0.8601 0.8573
0.8488 0.8402
0.8813 0.8851
0.8921 0.854
0.839 0.8227
0.751 0.7857
0.6715 0.7199
0.8003 0.8141
0.8386 0.8635
0.8128 0.8056
0.7824 0.7891
0.7364 0.7542
0.8996 0.9027
0.847 0.8538
0.8692 0.8718
0.8937 0.9219
0.8811 0.8613
0.8623 0.8558
0.899 0.8629
0.8752 0.8875
0.8378 0.9208
0.8462 0.8565
0.898 0.9131
0.8551 0.8659
0.9033 0.9232
0.8429 0.8745
0.8909 0.9228
0.9094 0.9189
0.702 0.7308
0.7651 0.7928
0.8014 0.8167
0.683 0.7043
0.685 0.7159
0.7818 0.7665
0.8566 0.882
0.7926 0.8064
0.8571 0.8501
0.8959 0.8801
0.8196 0.8548
0.8309 0.8039
0.5361 0.5551
0.4395 0.4649
0.663 0.7165
0.5778 0.5958
0.8476 0.8682
0.4929 0.5366
0.6676 0.679
0.5993 0.6705
0.6927 0.721
0.735 0.7293
0.6854 0.7169
0.6408 0.6826
0.8651 0.8722
0.7333 0.7413
0.7682 0.781
0.7002 0.6677
0.8094 0.8228
0.7875 0.8052
0.7265 0.7566
0.8843 0.8782
0.7836 0.7966
0.852 0.8739
0.788 0.7982
0.7667 0.7826
0.7279 0.7346
0.859 0.8494
0.8718 0.8698
0.763 0.787
0.776 0.7841
0.8172 0.8252
0.8621 0.8747
0.6933 0.7151
0.7692 0.7693
0.5672 0.6192
0.7326 0.7607
0.7188 0.7407
0.815 0.8332
0.9073 0.9031
0.8623 0.8772
0.7727 0.7769
0.8289 0.8271
0.8769 0.8775
0.8968 0.892
0.8354 0.8102
0.8449 0.8562
0.876 0.8451
0.9262 0.9286
0.7763 0.7658
0.9316 0.9009
0.8006 0.8058
0.9008 0.8535
0.8355 0.8408
0.9215 0.93
0.8274 0.828
0.8707 0.8755
0.8945 0.9011
0.7772 0.7968
0.7405 0.7449
0.7947 0.8022
0.8231 0.8298
0.8736 0.8727
0.8271 0.8396
0.7667 0.7882
0.7655 0.7778
0.7992 0.8062
0.7229 0.7664
0.6643 0.6819
0.654 0.6898
0.9052 0.8871
0.7688 0.7939
0.8119 0.8008
0.7524 0.7795
0.6901 0.7206
0.7695 0.786
0.888 0.8859
0.8303 0.7967
0.8455 0.8913
0.7997 0.8168
0.7993 0.8296
0.697 0.8031
0.8101 0.8425
0.6827 0.6902
0.7002 0.7201
0.7646 0.7933
0.8855 0.9019
0.768 0.7966
0.8314 0.8221
0.7241 0.7797
0.7171 0.7596
0.877 0.8884
0.8965 0.8867
0.8768 0.8876
0.8723 0.8703
0.8712 0.8829
0.8533 0.8636
0.9341 0.9373
0.9039 0.9226
0.8931 0.9267
0.8962 0.8861
0.9009 0.9056
0.7858 0.8057
0.826 0.824
0.9013 0.9117
0.8129 0.8448
0.6582 0.6901
0.8309 0.8217
0.7645 0.7738
0.8222 0.826
0.8218 0.8337
0.9029 0.9014
0.7847 0.7703
0.8982 0.8943
0.7493 0.795
0.9306 0.9287
0.8956 0.8983
0.9302 0.9316
0.845 0.8562
0.8431 0.8577
0.8626 0.8581
0.811 0.8378
0.9085 0.9043
0.9362 0.924
0.9571 0.9601
0.8613 0.8731
0.9069 0.9078
0.8236 0.826
0.8154 0.823
0.9159 0.8969
0.8302 0.8504
0.8289 0.8135
0.8506 0.8548
0.8204 0.8318
0.6191 0.6283
0.8448 0.8663
0.8311 0.8355
0.8303 0.8368
0.8997 0.9016
0.7716 0.7758
0.8112 0.8006
0.8022 0.8041
0.9204 0.917
0.8383 0.8952
0.8249 0.86
0.8742 0.7608
0.8935 0.9067
0.8359 0.8147
0.7755 0.808
0.6746 0.6739
0.8121 0.8342
0.8277 0.8084
0.7761 0.7892
0.7963 0.7903
0.8701 0.8587
0.8998 0.9199
0.8628 0.8813
0.8406 0.8387
0.8123 0.827
0.7532 0.7704
0.6735 0.6965
0.6793 0.7137
0.807 0.8246
0.7956 0.8232
0.769 0.7681
0.896 0.8574
0.7607 0.7662
0.7887 0.8309
0.8061 0.8045
0.8886 0.893
0.8839 0.9024
0.7124 0.7527
0.8147 0.824
0.8226 0.8515
0.6992 0.7352
0.7448 0.7608
0.7942 0.8195
0.7217 0.7428
0.8607 0.8533
0.7763 0.7941
0.8475 0.8503
0.7606 0.7755
0.8193 0.8337
0.8486 0.8566
0.7603 0.7896
0.7695 0.8027
0.773 0.8044
0.9284 0.8267
0.8828 0.8911
0.8639 0.8578
0.779 0.7952
0.727 0.7323
0.7041 0.7336
0.764 0.7748
0.7125 0.7573
0.6859 0.7079
0.8669 0.8581
0.831 0.8308
0.7874 0.7763
0.7421 0.7452
0.8568 0.8463
0.8572 0.8381
0.8425 0.8565
0.9043 0.9175
0.9496 0.9624
0.8389 0.848
0.7663 0.775
0.837 0.8358
0.8991 0.9132
0.8818 0.8838
0.7561 0.7287
0.6783 0.6859
0.7605 0.7644
0.673 0.6468
0.7096 0.7189
0.5827 0.6663
0.6421 0.6393
0.7157 0.7777
0.7031 0.6972
0.7978 0.8144
0.7661 0.7866
0.7694 0.8141
0.8609 0.8612
0.7256 0.7871
0.8647 0.8664
0.6931 0.7076
0.8724 0.8836
0.7939 0.808
0.6728 0.7048
0.8865 0.8868
0.8136 0.8238
0.8841 0.8865
0.9112 0.9188
0.9217 0.9068
0.7278 0.7522
0.9011 0.8841
0.8574 0.8553
0.8273 0.8403
0.8933 0.894
0.9153 0.9178
0.921 0.9034
0.846 0.8511
0.9258 0.9084
0.8925 0.8798
0.9024 0.9032
0.9305 0.9314
0.8858 0.8802
0.9276 0.931
0.7996 0.8089
0.8107 0.8266
0.881 0.8619
0.8089 0.8197
0.8769 0.8671
0.8779 0.8711
0.8542 0.867
0.8148 0.8169
0.864 0.8756
0.8329 0.8407
0.8809 0.8826
0.8552 0.8609
0.867 0.8715
0.8626 0.8484
0.8252 0.848
0.8837 0.8838
0.9022 0.9045
0.9103 0.8848
0.8156 0.8018
0.8674 0.8747
0.883 0.856
0.894 0.8979
0.7284 0.7645
0.7127 0.7233
0.8732 0.8736
0.7995 0.8186
0.7176 0.7394
0.863 0.8797
0.79 0.793
0.7276 0.7312
0.7927 0.7618
0.7513 0.7467
0.9141 0.9162
0.692 0.683
0.8239 0.8412
0.858 0.856
0.7799 0.7652
0.8836 0.9241
0.9242 0.9176
0.9278 0.9253
0.8605 0.8718
0.906 0.9211
0.8978 0.8983
0.9023 0.881
0.8867 0.8892
0.7629 0.7515
0.6465 0.65
0.7435 0.7385
0.668 0.6942
0.7341 0.7373
0.6663 0.6858
0.8223 0.8357
0.7598 0.7664
0.7467 0.7208
0.816 0.822
0.8555 0.8476
0.8115 0.8048
0.8345 0.8314
0.8871 0.882
0.8329 0.8205
0.8433 0.8458
0.7552 0.7871
0.8413 0.8492
0.8941 0.8999
0.7667 0.772
0.7655 0.7365
0.8106 0.8094
0.7747 0.7666
0.7492 0.7768
0.7059 0.7165
0.8593 0.8736
0.8242 0.8249
0.8506 0.853
0.8043 0.8159
0.8586 0.8756
0.7381 0.7315
0.9017 0.8637
0.8334 0.8542
0.8161 0.8106
0.8894 0.8932
0.8843 0.8782
0.8442 0.8166
0.8066 0.8255
0.7365 0.7359
0.8758 0.8671
0.8222 0.824
0.9275 0.9262
0.9477 0.9491
0.8759 0.8674
0.6829 0.685
0.869 0.8177
0.7984 0.7955
0.852 0.8496
0.8302 0.7833
0.9289 0.9234
0.8433 0.8752
0.8491 0.8484
0.8623 0.8781
0.923 0.9238
0.8118 0.8191
0.764 0.7834
0.8244 0.8268
0.9143 0.9256
0.7177 0.7304
0.9678 0.9644
0.9384 0.9364
0.9065 0.9101
0.9379 0.9312
0.879 0.8973
0.938 0.9509
0.888 0.8987
0.7702 0.7875
0.8708 0.8559
0.8933 0.8851
0.8601 0.8573
0.8488 0.8402
0.8813 0.8851
0.8921 0.854
0.839 0.8227
0.751 0.7857
0.6715 0.7199
0.8003 0.8141
0.8386 0.8635
0.7824 0.7891
0.7364 0.7542
0.8996 0.9027
0.8692 0.8718
0.8937 0.9219
0.8623 0.8558
0.8752 0.8875
0.8378 0.9208
0.8462 0.8565
0.898 0.9131
0.8551 0.8659
0.9033 0.9232
0.8429 0.8745
0.8909 0.9228
0.9094 0.9189
0.702 0.7308
0.7651 0.7928
0.8014 0.8167
0.683 0.7043
0.685 0.7159
0.8566 0.882
0.7926 0.8064
0.8571 0.8501
0.8196 0.8548
0.5361 0.5551
0.4395 0.4649
0.663 0.7165
0.5778 0.5958
0.8476 0.8682
0.4929 0.5366
0.5993 0.6705
0.6927 0.721
0.735 0.7293
0.6854 0.7169
0.6408 0.6826
0.8651 0.8722
0.7333 0.7413
0.7682 0.781
0.8094 0.8228
0.7875 0.8052
0.7265 0.7566
0.8843 0.8782
0.7836 0.7966
0.852 0.8739
0.7667 0.7826
0.7279 0.7346
0.8718 0.8698
0.763 0.787
0.8621 0.8747
0.6933 0.7151
0.7692 0.7693
0.5672 0.6192
0.7326 0.7607
0.7188 0.7407
0.8623 0.8772
0.8289 0.8271
0.8449 0.8562
0.9262 0.9286
0.8006 0.8058
0.9215 0.93
0.8707 0.8755
0.8945 0.9011
0.7405 0.7449
0.8736 0.8727
0.8271 0.8396
0.7667 0.7882
0.7655 0.7778
0.7992 0.8062
0.7229 0.7664
0.6643 0.6819
0.654 0.6898
0.9052 0.8871
0.7688 0.7939
0.7524 0.7795
0.6901 0.7206
0.7695 0.786
0.8455 0.8913
0.7997 0.8168
0.7993 0.8296
0.697 0.8031
0.8101 0.8425
0.6827 0.6902
0.7002 0.7201
0.7646 0.7933
0.8855 0.9019
